zenodo_deposit <- 14825360