zenodo_deposit <- 14826487