zenodo_deposit <- 13946877