zenodo_deposit <- 14825514